datetime_wib,price_usd,market_cap_usd,volume_usd,price_change,volume_change,marketcap_change,ma_3,ma_7,volatility_3,lag_1,lag_2,day,month,weekday,target
2026-04-07 07:00:00,68864.23452757328,1378430433268.2437,45398732027.77202,-0.0017582224222146836,0.7185947371982955,-0.0015595591265957776,68384.67017029105,67900.89316554398,937.6350347964262,68985.52642694542,67304.24955635444,7,4,1,71975.62171045873
2026-04-08 07:00:00,71975.62171045873,1439691204997.3042,54821363017.72348,0.04518146762583486,0.20755273482500125,0.044442410912106656,69941.79422165915,68435.72048419058,1762.3900311397929,68864.23452757328,68985.52642694542,8,4,2,71117.07713411814
2026-04-09 07:00:00,71117.07713411814,1423286125223.942,42583999503.6708,-0.011928268987995927,-0.223222532976723,-0.011394860034164789,70652.31112405004,68868.29502018364,1606.9188322817938,71975.62171045873,68864.23452757328,9,4,3,71770.7468500515
2026-04-10 07:00:00,71770.7468500515,1436399827130.5452,39293023566.96442,0.009191459242631872,-0.07728198325811775,0.009213679297646493,71621.14856487612,69565.30677466495,448.3965126832025,71117.07713411814,71975.62171045873,10,4,4,72972.70823557042
2026-04-11 07:00:00,72972.70823557042,1460609915845.4644,38358391003.667854,0.016747232518426358,-0.023786221533798058,0.01685470038191461,71953.51073991334,70427.16634872455,941.2192495626402,71770.7468500515,71117.07713411814,11,4,5,73053.88808483821
2026-04-12 07:00:00,73053.88808483821,1462802384989.1692,23868132454.73879,0.0011124686369832215,-0.3777598113420215,0.0015010641239112665,72599.11439015338,71248.5432813651,718.5347090451108,72972.70823557042,71770.7468500515,12,4,6,70756.75105500016
2026-04-13 07:00:00,70756.75105500016,1415861769817.8752,30101377740.87357,-0.031444418497895144,0.26115345630643305,-0.03208951233125146,72261.11579180293,71501.57537108721,1303.4502245899012,73053.88808483821,72972.70823557042,13,4,0,74514.63006655
2026-04-14 07:00:00,74514.63006655,1491650187280.6667,53329034805.473694,0.05310982988222279,0.771647639006906,0.05352811911330879,72775.0897354628,72308.77473379816,1894.389098383029,70756.75105500016,73053.88808483821,14,4,1,74181.10807228928
2026-04-15 07:00:00,74181.10807228928,1484804385765.1338,57684799834.52557,-0.004475926324305046,0.08167717726263457,-0.004589414846662643,73150.82973127981,72623.84421405967,2080.0285481998894,74514.63006655,70756.75105500016,15,4,2,74833.50639132406
2026-04-16 07:00:00,74833.50639132406,1497468161198.8457,33592871494.555107,0.008794669370522534,-0.41764777565460043,0.008528918391621065,74509.74817672111,73154.7626793748,326.2265567148574,74181.10807228928,74514.63006655,16,4,3,75149.1930221427
2026-04-17 07:00:00,75149.1930221427,1503597305333.8933,44500754086.97624,0.0042185198321167405,0.3247082522906426,0.004093004642009124,74721.26916191868,73637.39784681641,493.7053921941556,74833.50639132406,74181.10807228928,17,4,4,77128.44334858148
2026-04-18 07:00:00,77128.44334858148,1543927908120.292,64762179077.35212,0.026337612512427055,0.45530520563258636,0.02682274212871305,75703.71425401609,74231.07429153228,1243.9068521779504,75149.1930221427,74833.50639132406,18,4,5,75728.45681761758
2026-04-19 07:00:00,75728.45681761758,1515912560791.0652,66292316931.16393,-0.018151365050071977,0.023627028546772788,-0.018145502249088175,76002.03106278059,74613.15553907219,1017.5903470401951,77128.44334858148,75149.1930221427,19,4,6,73856.05501487634
2026-04-20 07:00:00,73856.05501487634,1478753744436.9175,62221359441.72641,-0.02472520742434614,-0.061409190052366,-0.02451250640390279,75570.98506035848,75055.91324762593,1641.8676461253058,75728.45681761758,77128.44334858148,20,4,0,75874.54629352967
2026-04-21 07:00:00,75874.54629352967,1518784350281.418,48152404105.554855,0.027330071694822378,-0.22611134604585226,0.027070501762106014,75153.0193753412,75250.18699433732,1125.576717945082,73856.05501487634,75728.45681761758,21,4,1,76350.25202878818
2026-04-22 07:00:00,76350.25202878818,1528459815743.431,41231756234.27609,0.0062696353190461185,-0.14372382853632837,0.0063705327620871,75360.28444573139,75560.06470240858,1324.2369962084956,75874.54629352967,73856.05501487634,22,4,2,78194.78334884858
2026-04-23 07:00:00,78194.78334884858,1566077005143.7695,49815267208.00008,0.024158811150550186,0.2081771856855441,0.0246111732954144,76806.52722372214,76040.24712491207,1225.5673332594722,76350.25202878818,75874.54629352967,23,4,3,78260.61998045091
2026-04-24 07:00:00,78260.61998045091,1566737928291.1943,41704798844.82768,0.0008419568260533694,-0.1628108974966994,0.0004220246803023908,77601.88511936256,76484.73669038467,1084.4457849891585,78194.78334884858,76350.25202878818,24,4,4,77444.79563692068
2026-04-25 07:00:00,77444.79563692068,1550504073873.627,33584952477.909107,-0.010424455412364697,-0.1946981304748726,-0.010361563427058407,77966.73298874006,76529.92987443313,453.20808127542904,78260.61998045091,78194.78334884858,25,4,5,77619.14219872655
2026-04-26 07:00:00,77619.14219872655,1553988530840.653,17276677148.502968,0.002251236643753929,-0.4855828020043529,0.0022473059089234138,77774.85260536605,76800.02778602012,429.6238330516756,77444.79563692068,78260.61998045091,26,4,6,78645.12560170851
2026-04-27 07:00:00,78645.12560170851,1575064891879.2925,22944408006.92362,0.013218174974868324,0.3280567674966226,0.013562751989705912,77903.02114578524,77484.18072699616,648.566456524897,77619.14219872655,77444.79563692068,27,4,0,77361.29911038803
2026-04-28 07:00:00,77361.29911038803,1549702864531.718,39453767786.252846,-0.01632429831471449,0.7195374042488882,-0.016102211076087003,77875.18897027436,77696.57398654734,679.133695872259,78645.12560170851,77619.14219872655,28,4,1,76345.22521002527
2026-04-29 07:00:00,76345.22521002527,1528431321586.3352,32683167166.924606,-0.013134136991584389,-0.17160846730809243,-0.013726207411903113,77450.54997404061,77695.85586958121,1152.5448973524826,77361.29911038803,78645.12560170851,29,4,2,75774.8855230121
2026-04-30 07:00:00,75774.8855230121,1517194764796.4153,42528290001.67072,-0.007470535130968181,0.30122915519366766,-0.007351692307808522,76493.8032811418,77350.156180176,803.5755098093106,76345.22521002527,77361.29911038803,30,4,3,76001.62736812928
